;Argentina;Australia;Brazil;Canada;China;Finland;France;Germany;India;Italy;Japan;Jordan;Kenya;Mexico;Netherlands;NewZealand;Nicaragua;Philippines;Russia;SouthAfrica;SouthKorea;Spain;Switzerland;Taiwan;UnitedKingdom;USA
Argentina;0;13,141699;24,181093;94,546463;74,277757;100,340207;84,643735;89,581788;59,009781;80,288037;74,620921;69,001261;38,392538;62,050598;90,54873;2,48446;51,281513;51,295818;99,940107;7,856615;74,323854;78,879764;85,234285;62,113907;93,794148;75,506337
Australia;13,141699;0;11,039394;81,404764;61,136058;87,198508;71,502036;76,440089;45,868082;67,146338;61,479222;55,859562;25,250839;48,908899;77,407031;15,626159;38,139814;38,154119;86,798408;5,285084;61,182155;65,738065;72,092586;48,972208;80,652449;62,364638
Brazil;24,181093;11,039394;0;70,36537;50,096664;76,159114;60,462642;65,400695;34,828688;56,106944;50,439828;44,820168;14,211445;37,869505;66,367637;26,665553;27,10042;27,114725;75,759014;16,324478;50,142761;54,698671;61,053192;37,932814;69,613055;51,325244
Canada;94,546463;81,404764;70,36537;0;20,268706;5,793744;9,902728;4,964675;35,536682;14,258426;19,925542;25,545202;56,153925;32,495865;3,997733;97,030923;43,26495;43,250645;5,39364399999999;86,689848;20,222609;15,666699;9,312178;32,432556;0,752315000000003;19,040126
China;74,277757;61,136058;50,096664;20,268706;0;26,06245;10,365978;15,304031;15,267976;6,01028;0,343164000000002;5,276496;35,885219;12,227159;16,270973;76,762217;22,996244;22,981939;25,66235;66,421142;0,0460969999999961;4,602007;10,956528;12,16385;19,516391;1,22858
Finland;100,340207;87,198508;76,159114;5,793744;26,06245;0;15,696472;10,758419;41,330426;20,05217;25,719286;31,338946;61,947669;38,289609;9,791477;102,824667;49,058694;49,044389;0,400100000000002;92,483592;26,016353;21,460443;15,105922;38,2263;6,546059;24,83387
France;84,643735;71,502036;60,462642;9,902728;10,365978;15,696472;0;4,938053;25,633954;4,355698;10,022814;15,642474;46,251197;22,593137;5,904995;87,128195;33,362222;33,347917;15,296372;76,78712;10,319881;5,763971;0,59055;22,529828;9,150413;9,137398
Germany;89,581788;76,440089;65,400695;4,964675;15,304031;10,758419;4,938053;0;30,572007;9,293751;14,960867;20,580527;51,18925;27,53119;0,966941999999996;92,066248;38,300275;38,28597;10,358319;81,725173;15,257934;10,702024;4,347503;27,467881;4,21236;14,075451
India;59,009781;45,868082;34,828688;35,536682;15,267976;41,330426;25,633954;30,572007;0;21,278256;15,61114;9,99148;20,617243;3,040817;31,538949;61,494241;7,728268;7,713963;40,930326;51,153166;15,314073;19,869983;26,224504;3,104126;34,784367;16,496556
Italy;80,288037;67,146338;56,106944;14,258426;6,01028;20,05217;4,355698;9,293751;21,278256;0;5,667116;11,286776;41,895499;18,237439;10,260693;82,772497;29,006524;28,992219;19,65207;72,431422;5,96418300000001;1,408273;4,946248;18,17413;13,506111;4,7817
Japan;74,620921;61,479222;50,439828;19,925542;0,343164000000002;25,719286;10,022814;14,960867;15,61114;5,667116;0;5,61966;36,228383;12,570323;15,927809;77,105381;23,339408;23,325103;25,319186;66,764306;0,297067000000006;4,258843;10,613364;12,507014;19,173227;0,885415999999999
Jordan;69,001261;55,859562;44,820168;25,545202;5,276496;31,338946;15,642474;20,580527;9,99148;11,286776;5,61966;0;30,608723;6,950663;21,547469;71,485721;17,719748;17,705443;30,938846;61,144646;5,322593;9,878503;16,233024;6,887354;24,792887;6,505076
Kenya;38,392538;25,250839;14,211445;56,153925;35,885219;61,947669;46,251197;51,18925;20,617243;41,895499;36,228383;30,608723;0;23,65806;52,156192;40,876998;12,888975;12,90328;61,547569;30,535923;35,931316;40,487226;46,841747;23,721369;55,40161;37,113799
Mexico;62,050598;48,908899;37,869505;32,495865;12,227159;38,289609;22,593137;27,53119;3,040817;18,237439;12,570323;6,950663;23,65806;0;28,498132;64,535058;10,769085;10,75478;37,889509;54,193983;12,273256;16,829166;23,183687;0,0633090000000003;31,74355;13,455739
Netherlands;90,54873;77,407031;66,367637;3,997733;16,270973;9,791477;5,904995;0,966941999999996;31,538949;10,260693;15,927809;21,547469;52,156192;28,498132;0;93,03319;39,267217;39,252912;9,391377;82,692115;16,224876;11,668966;5,314445;28,434823;3,245418;15,042393
NewZealand;2,48446;15,626159;26,665553;97,030923;76,762217;102,824667;87,128195;92,066248;61,494241;82,772497;77,105381;71,485721;40,876998;64,535058;93,03319;0;53,765973;53,780278;102,424567;10,341075;76,808314;81,364224;87,718745;64,598367;96,278608;77,990797
Nicaragua;51,281513;38,139814;27,10042;43,26495;22,996244;49,058694;33,362222;38,300275;7,728268;29,006524;23,339408;17,719748;12,888975;10,769085;39,267217;53,765973;0;0,0143050000000002;48,658594;43,424898;23,042341;27,598251;33,952772;10,832394;42,512635;24,224824
Philippines;51,295818;38,154119;27,114725;43,250645;22,981939;49,044389;33,347917;38,28597;7,713963;28,992219;23,325103;17,705443;12,90328;10,75478;39,252912;53,780278;0,0143050000000002;0;48,644289;43,439203;23,028036;27,583946;33,938467;10,818089;42,49833;24,210519
Russia;99,940107;86,798408;75,759014;5,39364399999999;25,66235;0,400100000000002;15,296372;10,358319;40,930326;19,65207;25,319186;30,938846;61,547569;37,889509;9,391377;102,424567;48,658594;48,644289;0;92,083492;25,616253;21,060343;14,705822;37,8262;6,145959;24,43377
SouthAfrica;7,856615;5,285084;16,324478;86,689848;66,421142;92,483592;76,78712;81,725173;51,153166;72,431422;66,764306;61,144646;30,535923;54,193983;82,692115;10,341075;43,424898;43,439203;92,083492;0;66,467239;71,023149;77,37767;54,257292;85,937533;67,649722
SouthKorea;74,323854;61,182155;50,142761;20,222609;0,0460969999999961;26,016353;10,319881;15,257934;15,314073;5,96418300000001;0,297067000000006;5,322593;35,931316;12,273256;16,224876;76,808314;23,042341;23,028036;25,616253;66,467239;0;4,55591;10,910431;12,209947;19,470294;1,182483
Spain;78,879764;65,738065;54,698671;15,666699;4,602007;21,460443;5,763971;10,702024;19,869983;1,408273;4,258843;9,878503;40,487226;16,829166;11,668966;81,364224;27,598251;27,583946;21,060343;71,023149;4,55591;0;6,354521;16,765857;14,914384;3,373427
Switzerland;85,234285;72,092586;61,053192;9,312178;10,956528;15,105922;0,59055;4,347503;26,224504;4,946248;10,613364;16,233024;46,841747;23,183687;5,314445;87,718745;33,952772;33,938467;14,705822;77,37767;10,910431;6,354521;0;23,120378;8,559863;9,727948
Taiwan;62,113907;48,972208;37,932814;32,432556;12,16385;38,2263;22,529828;27,467881;3,104126;18,17413;12,507014;6,887354;23,721369;0,0633090000000003;28,434823;64,598367;10,832394;10,818089;37,8262;54,257292;12,209947;16,765857;23,120378;0;31,680241;13,39243
UnitedKingdom;93,794148;80,652449;69,613055;0,752315000000003;19,516391;6,546059;9,150413;4,21236;34,784367;13,506111;19,173227;24,792887;55,40161;31,74355;3,245418;96,278608;42,512635;42,49833;6,145959;85,937533;19,470294;14,914384;8,559863;31,680241;0;18,287811
USA;75,506337;62,364638;51,325244;19,040126;1,22858;24,83387;9,137398;14,075451;16,496556;4,7817;0,885415999999999;6,505076;37,113799;13,455739;15,042393;77,990797;24,224824;24,210519;24,43377;67,649722;1,182483;3,373427;9,727948;13,39243;18,287811;0
