;Argentina;Australia;Brazil;Canada;China;Finland;France;Germany;India;Italy;Japan;Jordan;Kenya;Lebanon;Mexico;Netherlands;NewZealand;Nicaragua;Peru;Philippines;Russia;SouthAfrica;SouthKorea;Spain;Taiwan;Thailand;UnitedKingdom;USA
Argentina;0;12704,7884010601;2924,24586682117;11259,0368177954;18898,9678534427;13673,3417046509;11464,8830916145;12279,9038069199;15926,6521822433;11785,1945725521;18070,010121675;12850,7776529903;11007,168695577;13004,9699144211;8004,60307726626;12065,6252967023;9385,84058330692;6128,74563934645;3443,61772484294;17126,0483262793;17335,1166175078;7685,35802465219;18969,2800717536;10671,2987281267;18322,0607590877;17091,4891080335;11881,8670420948;9017,68118619265
Australia;12704,7884010601;0;15578,6136206001;14151,6199649539;7474,35442190962;13405,4838970223;15159,1135791156;14466,229275416;7813,4557095465;14381,5566765663;6852,31567376301;12078,3738188581;10596,3571690728;12226,1058878476;14353,631650689;14793,0523509164;4157,61464841735;15710,9971321077;15074,9517699365;4437,47463228654;9983,60183922694;10389,4741726879;6832,3640055077;15753,6175673248;5617,6300328778;5791,35736546046;15206,0386814174;15184,4832993731
Brazil;2924,24586682117;15578,6136206001;0;9304,53179808967;16632,853841832;10771,1791483358;8625,29474713015;9431,64711776522;14775,3062460124;9069,62697342672;17370,4297183737;10635,3338119117;9988,73526827014;10683,5829299517;6928,28621866964;9189,52937661452;12220,5879696782;4745,18088783718;2574,25385791515;19317,5659070313;14451,5122329527;7777,13645585224;17604,9911901632;7850,17856196586;18724,7244210948;17103,3162021619;8966,7688378043;7316,91876875387
Canada;11259,0368177954;14151,6199649539;9304,53179808967;0;9385,85844301552;6245,50150195755;6840,79693480439;6750,71870808956;11469,1124528819;7705,2534596627;8082,7121536063;9743,60970480112;13000,2433510207;9389,77106113712;3626,62289250543;6453,74076081751;13064,2472737817;5141,73611569822;7815,50195534521;11145,039936812;6644,47903520123;15184,0011832526;8578,93448550568;7059,69060246061;10085,9981397657;11611,6676816756;5807,42907440754;2261,53556951288
China;18898,9678534427;7474,35442190962;16632,853841832;9385,85844301552;0;5961,14537457977;8021,99426949904;7223,88789256162;2983,79528357112;7566,26244329392;3046,75800155568;6221,30478986654;7894,28163025992;6105,82835465283;12826,3462893859;7486,398810924;11167,181877164;14507,448532255;17048,2521893235;3102,74651299438;2854,61549191058;11237,0448497947;2118,36369651213;8788,26640993148;2103,13586540743;2245,54884650211;7779,56012981729;11647,2638481709
Finland;13673,3417046509;13405,4838970223;10771,1791483358;6245,50150195755;5961,14537457977;0;2298,44834436252;1512,07269166285;6111,13200154719;2395,36932560688;7553,00364838141;3566,81897414568;6964,2339864749;3202,441231627;9455,80825038289;1635,91163999045;16903,1905128497;9801,30842567904;11470,9241968938;9057,86578512606;3924,49462507465;10286,8151795247;7118,47220515073;3095,6483221044;7962,78240068695;7684,65473310375;1818,57568628317;7823,29793037071
France;11464,8830916145;15159,1135791156;8625,29474713015;6840,79693480439;8021,99426949904;2298,44834436252;0;815,828970128517;7368,90118144203;957,658368388614;9850,10389293412;3399,29477185927;6208,77272982791;3146,28457426828;9190,11666871786;693,498345823305;19179,441076866;8782,3152696227;9780,44254888213;11107,1764299305;6221,12754020394;8789,48065983061;9384,17931138249;801,542495237498;10099,5288377844;9395,60111586254;1091,31611890044;7665,58407763426
Germany;12279,9038069199;14466,229275416;9431,64711776522;6750,71870808956;7223,88789256162;1512,07269166285;815,828970128517;0;6752,18756125651;1045,90218927912;9048,4131956719;3120,58234123422;6250,44914917219;2809,63713011022;9447,55984569867;371,812144526768;18364,0979476588;9285,01444972775;10488,8846670272;10317,5631599264;5420,68586143484;9169,569234681;8569,68715014173;1615,38032915737;9293,10985372692;8677,07887072516;1032,98476731386;7861,47022497401
India;15926,6521822433;7813,4557095465;14775,3062460124;11469,1124528819;2983,79528357112;6111,13200154719;7368,90118144203;6752,18756125651;0;6569,0337273244;5959,3041724404;4398,67430067528;5016,16688744917;4472,34899235531;15094,3970993698;7110,44625453955;11970,8875173017;15911,8390779751;16951,2911984603;4625,24745565957;4985,66717781274;8255,03041521304;5016,71099342567;7941,64928640835;4323,9997886609;2382,92277707456;7662,64939488015;13576,6693091459
Italy;11785,1945725521;14381,5566765663;9069,62697342672;7705,2534596627;7566,26244329392;2395,36932560688;957,658368388614;1045,90218927912;6569,0337273244;0;9728,69650019754;2454,05649180647;5306,47879568591;2221,59469612358;10147,7745057072;1265,83086001694;18538,6676010145;9686,20517853103;10489,6145962175;10581,8565147163;6146,02847510231;8123,88048859092;9146,99463739353;1372,63500077473;9668,97937640986;8710,3325087836;1898,04934882907;8619,05498210072
Japan;18070,010121675;6852,31567376301;17370,4297183737;8082,7121536063;3046,75800155568;7553,00364838141;9850,10389293412;9048,4131956719;5959,3041724404;9728,69650019754;0;9009,92604295988;10935,6865963801;8820,32711751775;10798,1337452837;9185,06284941715;9352,16976694155;12906,4348565278;15511,0859346684;3072,29451343989;3628,97657737865;14086,8365863863;942,751589691078;10648,63202322;2163,88373765959;4315,16670662186;9200,42324255288;10150,4362964838
Jordan;12850,7776529903;12078,3738188581;10635,3338119117;9743,60970480112;6221,30478986654;3566,81897414568;3399,29477185927;3120,58234123422;4398,67430067528;2454,05649180647;9009,92604295988;0;3408,094979421;365,274893672751;12555,3860236525;3475,15101277573;16150,4713538615;12113,3193552179;12555,2655111752;8862,62324729372;5956,89570537136;6942,74087428282;8200,72839315297;3746,3836990974;8219,31143988701;6728,11984695045;4150,66110379405;10981,0502453694
Kenya;11007,168695577;10596,3571690728;9988,73526827014;13000,2433510207;7894,28163025992;6964,2339864749;6208,77272982791;6250,44914917219;5016,16688744917;5306,47879568591;10935,6865963801;3408,094979421;0;3773,12716187388;15007,1940305289;6548,01811855279;13735,6556145843;13586,5070224111;12521,2869767616;9343,48270990903;8836,53098918799;3745,69559930547;9996,53651787289;6157,57818847759;9301,68377195166;7138,35534946538;7202,30656269118;13721,9109215636
Lebanon;13004,9699144211;12226,1058878476;10683,5829299517;9389,77106113712;6105,82835465283;3202,441231627;3146,28457426828;2809,63713011022;4472,34899235531;2221,59469612358;8820,32711751775;365,274893672751;3773,12716187388;0;12256,5239345831;3170,76165931954;16345,423989159;11907,2189303414;12498,6624805799;8842,20940931625;5676,53575486784;7289,90730169656;8037,16030040571;3555,46201961771;8140,4924262024;6757,58315196676;3842,49300766219;10668,9737102425
Mexico;8004,60307726626;14353,631650689;6928,28621866964;3626,62289250543;12826,3462893859;9455,80825038289;9190,11666871786;9447,55984569867;15094,3970993698;10147,7745057072;10798,1337452837;12555,3860236525;15007,1940305289;12256,5239345831;0;9085,85099055995;11114,2670083415;2184,82402827097;4720,12104443869;13714,0525177119;10222,477623863;14615,3605663868;11542,886321978;9025,73469081819;12961,5965721428;14931,6436915157;8414,58098587984;1632,52699638479
Netherlands;12065,6252967023;14793,0523509164;9189,52937661452;6453,74076081751;7486,398810924;1635,91163999045;693,498345823305;371,812144526768;7110,44625453955;1265,83086001694;9185,06284941715;3475,15101277573;6548,01811855279;3170,76165931954;9085,85099055995;0;18537,2295669656;8915,50088643867;10160,773117724;10587,2822407917;5558,26522149797;9354,45757448821;8750,49389950796;1469,10857196122;9536,89659710916;9001,72037077483;677,070324291255;7506,08594156392
NewZealand;9385,84058330692;4157,61464841735;12220,5879696782;13064,2472737817;11167,181877164;16903,1905128497;19179,441076866;18364,0979476588;11970,8875173017;18538,6676010145;9352,16976694155;16150,4713538615;13735,6556145843;16345,423989159;11114,2670083415;18537,2295669656;0;11766,2971756473;10978,6567063446;8090,78861189502;12979,328436688;11561,5419682454;9799,84160699743;19890,1702230619;9084,40767648025;9863,20648380603;18400,5762854541;12549,9976400731
Nicaragua;6128,74563934645;15710,9971321077;4745,18088783718;5141,73611569822;14507,448532255;9801,30842567904;8782,3152696227;9285,01444972775;15911,8390779751;9686,20517853103;12906,4348565278;12113,3193552179;13586,5070224111;11907,2189303414;2184,82402827097;8915,50088643867;11766,2971756473;0;2698,44678742144;15886,6772020533;11691,675877322;12454,0575367754;13580,2606089951;8366,96797103794;15052,883044085;16747,9113307066;8315,26833029947;2889,43468093143
Peru;3443,61772484294;15074,9517699365;2574,25385791515;7815,50195534521;17048,2521893235;11470,9241968938;9780,44254888213;10488,8846670272;16951,2911984603;10489,6145962175;15511,0859346684;12555,2655111752;12521,2869767616;12498,6624805799;4720,12104443869;10160,773117724;10978,6567063446;2698,44678742144;0;18137,9429041892;14195,742395404;10239,5464928823;16255,1950482853;9128,26600580678;17673,2854219442;19155,2721184189;9715,62841861448;5580,3353315294
Philippines;17126,0483262793;4437,47463228654;19317,5659070313;11145,039936812;3102,74651299438;9057,86578512606;11107,1764299305;10317,5631599264;4625,24745565957;10581,8565147163;3072,29451343989;8862,62324729372;9343,48270990903;8842,20940931625;13714,0525177119;10587,2822407917;8090,78861189502;15886,6772020533;18137,9429041892;0;5568,83265857404;11566,6417055342;2629,99295640731;11857,3146545312;1205,96682694047;2261,95068620862;10876,1228532074;13216,1507950282
Russia;17335,1166175078;9983,60183922694;14451,5122329527;6644,47903520123;2854,61549191058;3924,49462507465;6221,12754020394;5420,68586143484;4985,66717781274;6146,02847510231;3628,97657737865;5956,89570537136;8836,53098918799;5676,53575486784;10222,477623863;5558,26522149797;12979,328436688;11691,675877322;14195,742395404;5568,83265857404;0;12577,1903184687;3253,08925313407;7019,89774127793;4371,30786271566;5088,12180481009;5613,81981762607;8886,08479581218
SouthAfrica;7685,35802465219;10389,4741726879;7777,13645585224;15184,0011832526;11237,0448497947;10286,8151795247;8789,48065983061;9169,569234681;8255,03041521304;8123,88048859092;14086,8365863863;6942,74087428282;3745,69559930547;7289,90730169656;14615,3605663868;9354,45757448821;11561,5419682454;12454,0575367754;10239,5464928823;11566,6417055342;12577,1903184687;0;13173,2440299562;8362,17665908854;12045,1185275521;9801,10679101244;9880,60932673303;14398,7688587038
SouthKorea;18969,2800717536;6832,3640055077;17604,9911901632;8578,93448550568;2118,36369651213;7118,47220515073;9384,17931138249;8569,68715014173;5016,71099342567;9146,99463739353;942,751589691078;8200,72839315297;9996,53651787289;8037,16030040571;11542,886321978;8750,49389950796;9799,84160699743;13580,2606089951;16255,1950482853;2629,99295640731;3253,08925313407;13173,2440299562;0;10185,0114642355;1507,06365569401;3462,2080415244;8857,78817775208;10742,6491863404
Spain;10671,2987281267;15753,6175673248;7850,17856196586;7059,69060246061;8788,26640993148;3095,6483221044;801,542495237498;1615,38032915737;7941,64928640835;1372,63500077473;10648,63202322;3746,3836990974;6157,57818847759;3555,46201961771;9025,73469081819;1469,10857196122;19890,1702230619;8366,96797103794;9128,26600580678;11857,3146545312;7019,89774127793;8362,17665908854;10185,0114642355;0;10875,8325461458;10063,3351165042;1658,56374206359;7588,91675077056
Taiwan;18322,0607590877;5617,6300328778;18724,7244210948;10085,9981397657;2103,13586540743;7962,78240068695;10099,5288377844;9293,10985372692;4323,9997886609;9668,97937640986;2163,88373765959;8219,31143988701;9301,68377195166;8140,4924262024;12961,5965721428;9536,89659710916;9084,40767648025;15052,883044085;17673,2854219442;1205,96682694047;4371,30786271566;12045,1185275521;1507,06365569401;10875,8325461458;0;2260,1213044628;9772,76093269875;12241,1823782122
Thailand;17091,4891080335;5791,35736546046;17103,3162021619;11611,6676816756;2245,54884650211;7684,65473310375;9395,60111586254;8677,07887072516;2382,92277707456;8710,3325087836;4315,16670662186;6728,11984695045;7138,35534946538;6757,58315196676;14931,6436915157;9001,72037077483;9863,20648380603;16747,9113307066;19155,2721184189;2261,95068620862;5088,12180481009;9801,10679101244;3462,2080415244;10063,3351165042;2260,1213044628;0;9440,67547323387;13871,4811252628
UnitedKingdom;11881,8670420948;15206,0386814174;8966,7688378043;5807,42907440754;7779,56012981729;1818,57568628317;1091,31611890044;1032,98476731386;7662,64939488015;1898,04934882907;9200,42324255288;4150,66110379405;7202,30656269118;3842,49300766219;8414,58098587984;677,070324291255;18400,5762854541;8315,26833029947;9715,62841861448;10876,1228532074;5613,81981762607;9880,60932673303;8857,78817775208;1658,56374206359;9772,76093269875;9440,67547323387;0;6830,40346695172
USA;9017,68118619265;15184,4832993731;7316,91876875387;2261,53556951288;11647,2638481709;7823,29793037071;7665,58407763426;7861,47022497401;13576,6693091459;8619,05498210072;10150,4362964838;10981,0502453694;13721,9109215636;10668,9737102425;1632,52699638479;7506,08594156392;12549,9976400731;2889,43468093143;5580,3353315294;13216,1507950282;8886,08479581218;14398,7688587038;10742,6491863404;7588,91675077056;12241,1823782122;13871,4811252628;6830,40346695172;0
